import numpy as np
from sklearn.mixture import GaussianMixture


def uc_118():

    ## PYPOWER Case Format : Version 2
    ppc = {'version': '2'}

    ##-----  Power Flow Data  -----##
    ## system MVA base
    ppc['baseMVA'] = 100

    ## bus data
    # bus_i type Pd Qd Gs Bs area Vm Va baseKV zone Vmax Vmin
    ppc['bus'] = np.array([
        [1, 2, 54.14, 8.66, 0, 0, 1, 0.955, 10.67, 138, 1, 1.05, 0.94],
        [2, 1, 21.23, 9.55, 0, 0, 1, 0.971, 11.22, 138, 1, 1.06, 0.95],
        [3, 1, 41.4, 10.62, 0, 0, 1, 0.968, 11.56, 138, 1, 1.06, 0.95],
        [4, 2, 31.85, 12.74, 0, 0, 1, 0.998, 15.28, 138, 1, 1.09, 0.99],
        [5, 1, 0, 0, 0, -40, 1, 1.002, 15.73, 138, 1, 1.09, 0.99],
        [6, 2, 55.2, 23.35, 0, 0, 1, 0.99, 13, 138, 1, 1.09, 0.97],
        [7, 1, 20.17, 2.12, 0, 0, 1, 0.989, 12.56, 138, 1, 1.09, 0.97],
        [8, 2, 28, 0, 0, 0, 1, 1.015, 20.77, 345, 2, 1.09, 0.98],
        [9, 1, 0, 0, 0, 0, 1, 1.043, 28.02, 345, 2, 1.09, 0.98],
        [10, 2, 0, 0, 0, 0, 1, 1.05, 35.61, 345, 2, 1.09, 0.98],
        [11, 1, 74.31, 24.42, 0, 0, 1, 0.985, 12.72, 138, 1, 1.08, 0.97],
        [12, 2, 49.89, 10.62, 0, 0, 1, 0.99, 12.2, 138, 1, 1.09, 0.98],
        [13, 1, 36.09, 16.99, 0, 0, 1, 0.968, 11.35, 138, 1, 1.05, 0.95],
        [14, 1, 14.86, 1.06, 0, 0, 1, 0.984, 11.5, 138, 1, 1.07, 0.98],
        [15, 2, 95.54, 31.85, 0, 0, 1, 0.97, 11.23, 138, 1, 1.05, 0.98],
        [16, 1, 26.54, 10.62, 0, 0, 1, 0.984, 11.91, 138, 1, 1.07, 0.98],
        [17, 1, 11.68, 3.18, 0, 0, 1, 0.995, 13.74, 138, 1, 1.09, 0.98],
        [18, 2, 63.69, 36.09, 0, 0, 1, 0.973, 11.53, 138, 1, 1.07, 0.98],
        [19, 2, 47.77, 26.54, 0, 0, 1, 0.963, 11.05, 138, 1, 1.06, 0.98],
        [20, 1, 19.11, 3.18, 0, 0, 1, 0.958, 11.93, 138, 3, 1.04, 0.96],
        [21, 1, 14.86, 8.49, 0, 0, 1, 0.959, 13.52, 138, 3, 1.03, 0.95],
        [22, 1, 10.62, 5.31, 0, 0, 1, 0.97, 16.08, 138, 3, 1.04, 0.97],
        [23, 1, 7.43, 3.18, 0, 0, 1, 1, 21, 138, 3, 1.09, 0.98],
        [24, 2, 13, 0, 0, 0, 1, 0.992, 20.89, 138, 3, 1.09, 0.98],
        [25, 2, 0, 0, 0, 0, 1, 1.05, 27.93, 138, 2, 1.09, 0.98],
        [26, 2, 0, 0, 0, 0, 1, 1.015, 29.71, 345, 2, 1.09, 0.98],
        [27, 2, 65.82, 13.8, 0, 0, 1, 0.968, 15.35, 138, 2, 1.09, 0.96],
        [28, 1, 18.05, 7.43, 0, 0, 1, 0.962, 13.62, 138, 2, 1.08, 0.94],
        [29, 1, 25.48, 4.25, 0, 0, 1, 0.963, 12.63, 138, 2, 1.08, 0.93],
        [30, 1, 0, 0, 0, 0, 1, 0.968, 18.79, 345, 2, 1.06, 0.98],
        [31, 2, 45.65, 28.66, 0, 0, 1, 0.967, 12.75, 138, 2, 1.09, 0.94],
        [32, 2, 62.63, 24.42, 0, 0, 1, 0.964, 14.8, 138, 3, 1.08, 0.97],
        [33, 1, 24.42, 9.55, 0, 0, 1, 0.972, 10.63, 138, 4, 1.04, 0.96],
        [34, 2, 62.63, 27.6, 0, 14, 1, 0.986, 11.3, 138, 4, 1.08, 0.97],
        [35, 1, 35.03, 9.55, 0, 0, 1, 0.981, 10.87, 138, 4, 1.08, 0.96],
        [36, 2, 32.91, 18.05, 0, 0, 1, 0.98, 10.87, 138, 4, 1.08, 0.96],
        [37, 1, 0, 0, 0, -25, 1, 0.992, 11.77, 138, 4, 1.09, 0.98],
        [38, 1, 0, 0, 0, 0, 1, 0.962, 16.91, 345, 4, 1.04, 0.95],
        [39, 1, 27, 11, 0, 0, 1, 0.97, 8.41, 138, 4, 1.09, 0.93],
        [40, 2, 20, 23, 0, 0, 1, 0.97, 7.35, 138, 4, 1.09, 0.93],
        [41, 1, 37, 10, 0, 0, 1, 0.967, 6.92, 138, 4, 1.09, 0.93],
        [42, 2, 37, 23, 0, 0, 1, 0.985, 8.53, 138, 4, 1.09, 0.92],
        [43, 1, 18, 7, 0, 0, 1, 0.978, 11.28, 138, 4, 1.06, 0.96],
        [44, 1, 16, 8, 0, 10, 1, 0.985, 13.82, 138, 4, 1.06, 0.97],
        [45, 1, 53, 22, 0, 10, 1, 0.987, 15.67, 138, 4, 1.06, 0.98],
        [46, 2, 28, 10, 0, 10, 1, 1.005, 18.49, 138, 4, 1.09, 0.98],
        [47, 1, 34, 0, 0, 0, 1, 1.017, 20.73, 138, 4, 1.09, 0.98],
        [48, 1, 20, 11, 0, 15, 1, 1.021, 19.93, 138, 4, 1.09, 0.98],
        [49, 2, 87, 30, 0, 0, 1, 1.025, 20.94, 138, 4, 1.09, 0.98],
        [50, 1, 17, 4, 0, 0, 1, 1.001, 18.9, 138, 5, 1.09, 0.99],
        [51, 1, 17, 8, 0, 0, 1, 0.967, 16.28, 138, 5, 1.07, 0.97],
        [52, 1, 18, 5, 0, 0, 1, 0.957, 15.32, 138, 5, 1.06, 0.97],
        [53, 1, 23, 11, 0, 0, 1, 0.946, 14.35, 138, 5, 1.06, 0.96],
        [54, 2, 113, 32, 0, 0, 1, 0.955, 15.26, 138, 5, 1.09, 0.97],
        [55, 2, 63, 22, 0, 0, 1, 0.952, 14.97, 138, 5, 1.09, 0.97],
        [56, 2, 84, 18, 0, 0, 1, 0.954, 15.16, 138, 5, 1.09, 0.97],
        [57, 1, 12, 3, 0, 0, 1, 0.971, 16.36, 138, 5, 1.08, 0.98],
        [58, 1, 12, 3, 0, 0, 1, 0.959, 15.51, 138, 5, 1.07, 0.97],
        [59, 2, 277, 113, 0, 0, 1, 0.985, 19.37, 138, 5, 1.09, 0.98],
        [60, 1, 78, 3, 0, 0, 1, 0.993, 23.15, 138, 5, 1.09, 0.99],
        [61, 2, 0, 0, 0, 0, 1, 0.995, 24.04, 138, 5, 1.09, 0.99],
        [62, 2, 77, 14, 0, 0, 1, 0.998, 23.43, 138, 5, 1.09, 0.98],
        [63, 1, 0, 0, 0, 0, 1, 0.969, 22.75, 345, 5, 1.06, 0.96],
        [64, 1, 0, 0, 0, 0, 1, 0.984, 24.52, 345, 5, 1.07, 0.98],
        [65, 2, 0, 0, 0, 0, 1, 1.005, 27.65, 345, 5, 1.07, 0.98],
        [66, 2, 39, 18, 0, 0, 1, 1.05, 27.48, 138, 5, 1.09, 0.98],
        [67, 1, 28, 7, 0, 0, 1, 1.02, 24.84, 138, 5, 1.09, 0.98],
        [68, 1, 0, 0, 0, 0, 1, 1.003, 27.55, 345, 6, 1.08, 0.98],
        [69, 3, 0, 0, 0, 0, 1, 1.035, 30, 138, 6, 1.09, 0.98],
        [70, 2, 66, 20, 0, 0, 1, 0.984, 22.58, 138, 3, 1.06, 0.98],
        [71, 1, 0, 0, 0, 0, 1, 0.987, 22.15, 138, 3, 1.06, 0.99],
        [72, 2, 12, 0, 0, 0, 1, 0.98, 20.98, 138, 3, 1.09, 0.99],
        [73, 2, 6, 0, 0, 0, 1, 0.991, 21.94, 138, 3, 1.06, 0.99],
        [74, 2, 68, 27, 0, 12, 1, 0.958, 21.64, 138, 3, 1.03, 0.93],
        [75, 1, 47, 11, 0, 0, 1, 0.967, 22.91, 138, 3, 1.04, 0.94],
        [76, 2, 68, 36, 0, 0, 1, 0.943, 21.77, 138, 6, 1.02, 0.93],
        [77, 2, 61, 28, 0, 0, 1, 1.006, 26.72, 138, 6, 1.08, 0.98],
        [78, 1, 71, 26, 0, 0, 1, 1.003, 26.42, 138, 6, 1.07, 0.99],
        [79, 1, 39, 32, 0, 20, 1, 1.009, 26.72, 138, 6, 1.07, 0.99],
        [80, 2, 130, 26, 0, 0, 1, 1.04, 28.96, 138, 6, 1.09, 0.99],
        [81, 1, 0, 0, 0, 0, 1, 0.997, 28.1, 345, 6, 1.07, 0.98],
        [82, 1, 54, 27, 0, 20, 1, 0.989, 27.24, 138, 7, 1.09, 0.98],
        [83, 1, 20, 10, 0, 10, 1, 0.985, 28.42, 138, 7, 1.07, 0.99],
        [84, 1, 11, 7, 0, 0, 1, 0.98, 30.95, 138, 7, 1.03, 0.96],
        [85, 2, 24, 15, 0, 0, 1, 0.985, 32.51, 138, 7, 1.02, 0.96],
        [86, 1, 21, 10, 0, 0, 1, 0.987, 31.14, 138, 7, 1.06, 0.93],
        [87, 2, 0, 0, 0, 0, 1, 1.015, 31.4, 161, 7, 1.09, 0.98],
        [88, 1, 48, 10, 0, 0, 1, 0.987, 35.64, 138, 7, 1.06, 0.98],
        [89, 2, 0, 0, 0, 0, 1, 1.005, 39.69, 138, 7, 1.09, 0.98],
        [90, 2, 78, 42, 0, 0, 1, 0.985, 33.29, 138, 7, 1.09, 0.98],
        [91, 2, 10, 0, 0, 0, 1, 0.98, 33.31, 138, 7, 1.09, 0.98],
        [92, 2, 65, 10, 0, 0, 1, 0.993, 33.8, 138, 7, 1.09, 0.98],
        [93, 1, 12, 7, 0, 0, 1, 0.987, 30.79, 138, 7, 1.08, 0.98],
        [94, 1, 30, 16, 0, 0, 1, 0.991, 28.64, 138, 7, 1.07, 0.98],
        [95, 1, 42, 31, 0, 0, 1, 0.981, 27.67, 138, 7, 1.05, 0.98],
        [96, 1, 38, 15, 0, 0, 1, 0.993, 27.51, 138, 7, 1.07, 0.98],
        [97, 1, 15, 9, 0, 0, 1, 1.011, 27.88, 138, 6, 1.08, 0.98],
        [98, 1, 34, 8, 0, 0, 1, 1.024, 27.4, 138, 6, 1.08, 0.98],
        [99, 2, 42, 0, 0, 0, 1, 1.01, 27.04, 138, 6, 1.09, 0.98],
        [100, 2, 37, 18, 0, 0, 1, 1.017, 28.03, 138, 8, 1.09, 0.98],
        [101, 1, 22, 15, 0, 0, 1, 0.993, 29.61, 138, 7, 1.08, 0.98],
        [102, 1, 5, 3, 0, 0, 1, 0.991, 32.3, 138, 7, 1.09, 0.98],
        [103, 2, 23, 16, 0, 0, 1, 1.001, 24.44, 138, 8, 1.09, 0.98],
        [104, 2, 38, 25, 0, 0, 1, 0.971, 21.69, 138, 8, 1.08, 0.99],
        [105, 2, 31, 26, 0, 20, 1, 0.965, 20.57, 138, 8, 1.08, 0.98],
        [106, 1, 43, 16, 0, 0, 1, 0.962, 20.32, 138, 8, 1.07, 0.96],
        [107, 2, 28, 12, 0, 6, 1, 0.952, 17.53, 138, 8, 1.06, 0.94],
        [108, 1, 2, 1, 0, 0, 1, 0.967, 19.38, 138, 8, 1.08, 0.98],
        [109, 1, 8, 3, 0, 0, 1, 0.967, 18.93, 138, 8, 1.08, 0.98],
        [110, 2, 39, 30, 0, 6, 1, 0.973, 18.09, 138, 8, 1.09, 0.97],
        [111, 2, 0, 0, 0, 0, 1, 0.98, 19.74, 138, 8, 1.09, 0.97],
        [112, 2, 25, 13, 0, 0, 1, 0.975, 14.99, 138, 8, 1.09, 0.97],
        [113, 2, 6, 0, 0, 0, 1, 0.993, 13.74, 138, 3, 1.09, 0.98],
        [114, 1, 8.49, 3.18, 0, 0, 1, 0.96, 14.46, 138, 2, 1.08, 0.96],
        [115, 1, 23.35, 7.43, 0, 0, 1, 0.96, 14.46, 138, 2, 1.08, 0.96],
        [116, 2, 184, 0, 0, 0, 1, 1.005, 27.12, 138, 6, 1.09, 0.98],
        [117, 1, 21.23, 8.49, 0, 0, 1, 0.974, 10.67, 138, 1, 1.06, 0.95],
        [118, 1, 33, 15, 0, 0, 1, 0.949, 21.92, 138, 6, 1.03, 0.93],
    ])
    # load_info
    # Pd Qd
    ppc['load_info'] = np.array([
        [4200, 1623.47],
        [3960, 1530.70],
        [3480, 1345.16],
        [2400, 927.70],
        [3000, 1159.62],
        [3600, 1391.54],
        [4200, 1623.47],
        [4680, 1809.01],
        [4920, 1901.78],
        [5280, 2040.93],
        [5340, 2064.12],
        [5040, 1948.16],
        [4800, 1855.39],
        [4560, 1762.62],
        [5280, 2040.93],
        [5400, 2087.31],
        [5100, 1971.35],
        [5340, 2064.12],
        [5640, 2180.08],
        [5880, 2272.85],
        [6000, 2319.24],
        [5400, 2087.31],
        [5220, 2017.74],
        [4920, 1901.78],
    ])
    # load_info
    # up_reserve, down_reserve
    ppc['reserve_info'] = np.array([
        [42, 42],
        [39.6, 39.6],
        [34.8, 34.8],
        [24, 24],
        [30, 30],
        [36, 36],
        [42, 42],
        [46.8, 46.8],
        [49.2, 49.2],
        [52.8, 52.8],
        [53.4, 53.4],
        [50.4, 50.4],
        [48, 48],
        [45.6, 45.6],
        [52.8, 52.8],
        [54, 54],
        [51, 51],
        [53.4, 53.4],
        [56.4, 56.4],
        [58.8, 58.8],
        [60, 60],
        [54, 54],
        [52.2, 52.2],
        [49.2, 49.2],
    ])

    ## generator data
    # bus Pg Qg Qmax Qmin Vg mBase status Pmax Pmin Pc1 Pc2 Qc1min Qc1max Qc2min Qc2max ramp_agc ramp_10 ramp_30 ramp_q apf
    ppc['gen'] = np.array([
        [4, 40, 0, 300, -300, 0.955, 100, 1, 30, 5, 0, 0, 0, 0, 0, 0, 15, 0, 0, 0, 0],
        [6, 40, 0, 50, -13, 0.998, 100, 1, 30, 5, 0, 0, 0, 0, 0, 0, 15, 0, 0, 0, 0],
        [8, 40, 0, 300, -300, 0.99, 100, 1, 30, 5, 0, 0, 0, 0, 0, 0, 15, 0, 0, 0, 0],
        [10, 440, 0, 200, -147, 1.015, 100, 1, 300, 150, 0, 0, 0, 0, 0, 0, 150, 0, 0, 0, 0],
        [12, 110, 0, 120, -35, 1.05, 100, 1, 300, 100, 0, 0, 0, 0, 0, 0, 150, 0, 0, 0, 0],
        [15, 40, 0, 30, -10, 0.99, 100, 1, 30, 10, 0, 0, 0, 0, 0, 0, 15, 0, 0, 0, 0],
        [18, 50, 0, 50, -16, 0.97, 100, 1, 100, 25, 0, 0, 0, 0, 0, 0, 50, 0, 0, 0, 0],
        [19, 40, 0, 24, -8, 0.973, 100, 1, 30, 5, 0, 0, 0, 0, 0, 0, 15, 0, 0, 0, 0],
        [24, 40, 0, 300, -300, 0.962, 100, 1, 30, 5, 0, 0, 0, 0, 0, 0, 15, 0, 0, 0, 0],
        [25, 100, 0, 140, -47, 0.992, 100, 1, 300, 100, 0, 0, 0, 0, 0, 0, 150, 0, 0, 0, 0],
        [26, 100, 0, 1000, -1000, 1.05, 100, 1, 350, 100, 0, 0, 0, 0, 0, 0, 175, 0, 0, 0, 0],
        [27, 40, 0, 300, -300, 1.015, 100, 1, 30, 8, 0, 0, 0, 0, 0, 0, 15, 0, 0, 0, 0],
        [31, 40, 0, 300, -300, 0.968, 100, 1, 30, 8, 0, 0, 0, 0, 0, 0, 15, 0, 0, 0, 0],
        [32, 50, 0, 42, -14, 0.967, 100, 1, 100, 25, 0, 0, 0, 0, 0, 0, 50, 0, 0, 0, 0],
        [34, 40, 0, 24, -8, 0.963, 100, 1, 30, 8, 0, 0, 0, 0, 0, 0, 15, 0, 0, 0, 0],
        [36, 50, 0, 24, -8, 0.984, 100, 1, 100, 25, 0, 0, 0, 0, 0, 0, 50, 0, 0, 0, 0],
        [40, 40, 0, 300, -300, 0.98, 100, 1, 30, 8, 0, 0, 0, 0, 0, 0, 15, 0, 0, 0, 0],
        [42, 40, 0, 300, -300, 0.97, 100, 1, 30, 8, 0, 0, 0, 0, 0, 0, 15, 0, 0, 0, 0],
        [46, 59, 0, 100, -100, 0.985, 100, 1, 100, 25, 0, 0, 0, 0, 0, 0, 50, 0, 0, 0, 0],
        [49, 100, 0, 210, -85, 1.005, 100, 1, 250, 50, 0, 0, 0, 0, 0, 0, 125, 0, 0, 0, 0],
        [54, 100, 0, 300, -300, 1.025, 100, 1, 250, 50, 0, 0, 0, 0, 0, 0, 125, 0, 0, 0, 0],
        [55, 50, 0, 23, -8, 0.955, 100, 1, 100, 25, 0, 0, 0, 0, 0, 0, 50, 0, 0, 0, 0],
        [56, 50, 0, 15, -8, 0.952, 100, 1, 100, 25, 0, 0, 0, 0, 0, 0, 50, 0, 0, 0, 0],
        [59, 100, 0, 180, -60, 0.954, 100, 1, 200, 50, 0, 0, 0, 0, 0, 0, 100, 0, 0, 0, 0],
        [61, 100, 0, 300, -100, 0.985, 100, 1, 200, 50, 0, 0, 0, 0, 0, 0, 100, 0, 0, 0, 0],
        [62, 50, 0, 20, -20, 0.995, 100, 1, 100, 25, 0, 0, 0, 0, 0, 0, 50, 0, 0, 0, 0],
        [65, 250, 0, 200, -67, 0.998, 100, 1, 420, 100, 0, 0, 0, 0, 0, 0, 210, 0, 0, 0, 0],
        [66, 250, 0, 200, -67, 1.005, 100, 1, 420, 100, 0, 0, 0, 0, 0, 0, 210, 0, 0, 0, 0],
        [69, 100, 0, 99999, -99999, 1.05, 100, 1, 300, 80, 0, 0, 0, 0, 0, 0, 150, 0, 0, 0, 0],
        [70, 45, 0, 32, -10, 1.035, 100, 1, 80, 30, 0, 0, 0, 0, 0, 0, 40, 0, 0, 0, 0],
        [72, 40, 0, 100, -100, 0.984, 100, 1, 30, 10, 0, 0, 0, 0, 0, 0, 15, 0, 0, 0, 0],
        [73, 40, 0, 100, -100, 0.98, 100, 1, 30, 5, 0, 0, 0, 0, 0, 0, 15, 0, 0, 0, 0],
        [74, 30, 0, 9, -6, 0.991, 100, 1, 20, 5, 0, 0, 0, 0, 0, 0, 10, 0, 0, 0, 0],
        [76, 50, 0, 23, -8, 0.958, 100, 1, 100, 25, 0, 0, 0, 0, 0, 0, 50, 0, 0, 0, 0],
        [77, 50, 0, 70, -20, 0.943, 100, 1, 100, 25, 0, 0, 0, 0, 0, 0, 50, 0, 0, 0, 0],
        [80, 440, 0, 280, -165, 1.006, 100, 1, 300, 150, 0, 0, 0, 0, 0, 0, 150, 0, 0, 0, 0],
        [82, 50, 0, 9900, -9900, 1.04, 100, 1, 100, 25, 0, 0, 0, 0, 0, 0, 50, 0, 0, 0, 0],
        [85, 40, 0, 23, -8, 0.985, 100, 1, 30, 10, 0, 0, 0, 0, 0, 0, 15, 0, 0, 0, 0],
        [87, 440, 0, 1000, -100, 1.015, 100, 1, 300, 100, 0, 0, 0, 0, 0, 0, 150, 0, 0, 0, 0],
        [89, 400, 0, 300, -210, 1.005, 100, 1, 200, 50, 0, 0, 0, 0, 0, 0, 100, 0, 0, 0, 0],
        [90, 30, 0, 300, -300, 0.985, 100, 1, 20, 8, 0, 0, 0, 0, 0, 0, 10, 0, 0, 0, 0],
        [91, 45, 0, 100, -100, 0.98, 100, 1, 50, 20, 0, 0, 0, 0, 0, 0, 25, 0, 0, 0, 0],
        [92, 100, 0, 9, -3, 0.99, 100, 1, 300, 100, 0, 0, 0, 0, 0, 0, 150, 0, 0, 0, 0],
        [99, 100, 0, 100, -100, 1.01, 100, 1, 300, 100, 0, 0, 0, 0, 0, 0, 150, 0, 0, 0, 0],
        [100, 110, 0, 155, -50, 1.017, 100, 1, 300, 100, 0, 0, 0, 0, 0, 0, 150, 0, 0, 0, 0],
        [103, 30, 0, 40, -15, 1.01, 100, 1, 20, 8, 0, 0, 0, 0, 0, 0, 10, 0, 0, 0, 0],
        [104, 50, 0, 23, -8, 0.971, 100, 1, 100, 25, 0, 0, 0, 0, 0, 0, 50, 0, 0, 0, 0],
        [105, 50, 0, 23, -8, 0.965, 100, 1, 100, 25, 0, 0, 0, 0, 0, 0, 50, 0, 0, 0, 0],
        [107, 30, 0, 200, -200, 0.952, 100, 1, 20, 8, 0, 0, 0, 0, 0, 0, 10, 0, 0, 0, 0],
        [110, 45, 0, 23, -8, 0.973, 100, 1, 50, 25, 0, 0, 0, 0, 0, 0, 25, 0, 0, 0, 0],
        [111, 50, 0, 1000, -100, 0.98, 100, 1, 100, 25, 0, 0, 0, 0, 0, 0, 50, 0, 0, 0, 0],
        [112, 50, 0, 1000, -100, 0.975, 100, 1, 100, 25, 0, 0, 0, 0, 0, 0, 50, 0, 0, 0, 0],
        [113, 50, 0, 200, -100, 0.993, 100, 1, 100, 25, 0, 0, 0, 0, 0, 0, 50, 0, 0, 0, 0],
        [116, 45, 0, 1000, -1000, 1.005, 100, 1, 50, 25, 0, 0, 0, 0, 0, 0, 25, 0, 0, 0, 0],
    ])
    ppc['gen'][:, 16] *= 0.2
    # gen_info
    # min_downtime, min_uptime
    ppc['gen_info'] = np.array([
        [1, 1],
        [1, 1],
        [1, 1],
        [8, 8],
        [8, 8],
        [1, 1],
        [5, 5],
        [1, 1],
        [1, 1],
        [8, 8],
        [8, 8],
        [1, 1],
        [1, 1],
        [5, 5],
        [1, 1],
        [5, 5],
        [1, 1],
        [1, 1],
        [5, 5],
        [8, 8],
        [8, 8],
        [5, 5],
        [5, 5],
        [8, 8],
        [8, 8],
        [5, 5],
        [10, 10],
        [10, 10],
        [8, 8],
        [4, 4],
        [1, 1],
        [1, 1],
        [1, 1],
        [5, 5],
        [5, 5],
        [8, 8],
        [5, 5],
        [1, 1],
        [8, 8],
        [8, 8],
        [1, 1],
        [1, 1],
        [8, 8],
        [8, 8],
        [8, 8],
        [1, 1],
        [5, 5],
        [5, 5],
        [1, 1],
        [2, 2],
        [5, 5],
        [5, 5],
        [5, 5],
        [2, 2],
    ])
    ## wind generator data
    # bus Pg Qg Qmax Qmin Vg mBase status Pmax Pmin Pc1 Pc2 Qc1min Qc1max Qc2min Qc2max ramp_agc ramp_10 ramp_30 ramp_q apf
    ppc['wgen'] = np.array([
        [7, 0, 0, 1000, -100, 0.975, 100, 5, 450, 0, 0, 0, 0, 0, 0, 0, 50, 0, 0, 0, 0],  # 450MW
        [67, 0, 0, 1000, -100, 0.985, 100, 5, 340, 0, 0, 0, 0, 0, 0, 0, 50, 0, 0, 0, 0],  # 340MW
        [78, 0, 0, 200, -100, 0.993, 100, 5, 350, 0, 0, 0, 0, 0, 0, 0, 50, 0, 0, 0, 0],  # 350MW
        [102, 0, 0, 1000, -1000, 1.005, 100, 2, 360, 0, 0, 0, 0, 0, 0, 0, 25, 0, 0, 0, 0]  # 360MW
    ])

    ppc['wgen_pmax'] = np.zeros((24, 4))

    ppc['wgen_pmax'][0] = np.array([350.31341338321937, 284.8105843171371 , 171.2485859824405 , 282.6764022789383 ])
    ppc['wgen_pmax'][1] = np.array([355.7079127955631 , 289.73760215791395, 161.14250490227388, 286.9944102972362 ])
    ppc['wgen_pmax'][2] = np.array([371.60837655268034, 306.6445322534254 , 147.4207347732056 , 297.869308608136  ])
    ppc['wgen_pmax'][3] = np.array([328.9962194707405 , 317.38622543183936, 171.7541237009564 , 267.76161419475744])
    ppc['wgen_pmax'][4] = np.array([313.1997241503672 , 271.7929005175743 , 185.5886883765032 , 253.1830795704042])
    ppc['wgen_pmax'][5] = np.array([312.67342686118997, 249.246561166844  , 198.62574151108916, 252.7626399103967 ])
    ppc['wgen_pmax'][6] = np.array([304.03450542019925, 233.26623069004162, 208.78392273109048, 245.45921364699385])
    ppc['wgen_pmax'][7] = np.array([300.2509288979386 , 229.0105715102509 , 214.77000885248555, 242.43344771985605])
    ppc['wgen_pmax'][8] = np.array([275.8955347433153 , 212.57326789260952, 230.09616105912716, 223.3809823376243 ])
    ppc['wgen_pmax'][9] = np.array([268.50665287436436, 200.81162117643018, 241.18168587163336, 217.47269049246867])
    ppc['wgen_pmax'][10] = np.array([238.76691861238015, 195.70150796430397, 253.03798440927596, 193.52321215773617])
    ppc['wgen_pmax'][11] = np.array([223.46680277083385, 184.88425914182687, 259.50596963633035, 181.2831415888832 ])
    ppc['wgen_pmax'][12] = np.array([207.1832151342654 , 187.91420606253413, 271.6564131304065 , 167.9726455798552 ])
    ppc['wgen_pmax'][13] = np.array([199.06611467153257, 173.8221921173898 , 278.1269173704219 , 161.68082762821598])
    ppc['wgen_pmax'][14] = np.array([202.50147694358594, 171.64374513092542, 296.0524993395739 , 164.2274917196807 ])
    ppc['wgen_pmax'][15] = np.array([204.66150618937067, 160.92049482066733, 288.6604952752796 , 165.95551114197264])
    ppc['wgen_pmax'][16] = np.array([218.1615484627586 , 183.55680681946575, 282.96866870429   , 176.75554529374529])
    ppc['wgen_pmax'][17] = np.array([223.28936437714586, 208.55108857604344, 267.0365515113412 , 181.1408216919179 ])
    ppc['wgen_pmax'][18] = np.array([227.24726472403037, 230.33232608063383, 243.31754601011502, 184.30744335011198])
    ppc['wgen_pmax'][19] = np.array([267.5971565407838 , 242.81320090914443, 234.7148379726972 , 216.57013845423484])
    ppc['wgen_pmax'][20] = np.array([282.7274298798116 , 244.37870231221456, 222.16022378501654, 228.84908771131126])
    ppc['wgen_pmax'][21] = np.array([295.7699435579075 , 254.48868270396412, 197.70179925594294, 238.84773624384192])
    ppc['wgen_pmax'][22] = np.array([309.27613665553673, 262.5205949064375 , 187.05755449005125, 249.6584759343578 ])
    ppc['wgen_pmax'][23] = np.array([338.06767710350977, 277.4940418585299 , 175.42509238430029, 272.8771449488869 ])


    ppc['wgen_err_gm'] = [GaussianMixture(n_components=2, random_state=2) for _ in range(24)]

    ppc['wgen_err_gm'][0].weights_ = np.array([0.7889633, 0.2110367])
    ppc['wgen_err_gm'][0].means_ = np.array([
        [2.106585536780642  ,  -2.6949307071371322 , -17.108621122440496  ,   0.08159732106167894],
        [-7.8754959532193425,  10.075031612862858  ,  63.96079060755952   ,  -0.305052588938338  ]])
    ppc['wgen_err_gm'][0].covariances_ = np.array([
        [[14620.40748         ,  5801.358591        , -1854.5233941       ,  2796.72435         ],
         [ 5801.358591        ,  5959.209366        ,  1273.5184176       ,  3496.599657        ],
         [-1854.5233941       ,  1273.5184176       ,  7909.731878490002  ,  -615.11476572      ],
         [ 2796.72435         ,  3496.599657        ,  -615.11476572      ,  8943.295689        ]],

        [[12055.413690000001  ,  4384.769598        ,    79.681494906     ,  2221.710507        ],
         [ 4384.769598        ,  4912.875099        ,   416.31577533000006,  2728.190403        ],
         [   79.681494906     ,   416.31577533000006,   495.3255320520001 ,   -43.907387706     ],
         [ 2221.710507        ,  2728.190403        ,   -43.907387706     ,  7608.832262999999  ]]
    ])

    ppc['wgen_err_gm'][1].weights_ = np.array([0.78728244, 0.21271756])
    ppc['wgen_err_gm'][1].means_ = np.array([
        [  2.135064694436892  ,  -2.6423123579139656 , -16.20511836227388   ,   0.08649425276382772],
        [ -7.902022485563123  ,   9.77938126208602   ,  59.976266767726116  ,  -0.32012122723619996]
    ])
    ppc['wgen_err_gm'][1].covariances_ = np.array([
        [[14569.00605        ,  5806.721088       , -2001.6566622      ,  2761.116651       ],
         [ 5806.721088       ,  6041.039715       ,  1424.2961889      ,  3497.524668       ],
         [-2001.6566622      ,  1424.2961889      ,  9287.847769590002 ,  -665.59408461     ],
         [ 2761.116651       ,  3497.524668       ,  -665.59408461     ,  8918.440101       ]],

        [[12479.107500000002 ,  4706.8229519999995,   102.978157347    ,  2508.404679       ],
         [ 4706.8229519999995,  5131.520964       ,   496.73225277     ,  2938.056003       ],
         [  102.978157347    ,   496.73225277     ,   647.062241202    ,   -28.566967338    ],
         [ 2508.404679       ,  2938.056003       ,   -28.566967338    ,  7824.300182999999 ]]
    ])

    ppc['wgen_err_gm'][2].weights_ = np.array([0.28821696, 0.71178304])
    ppc['wgen_err_gm'][2].means_ = np.array([
        [ 24.191950867319633,  31.23138495657463 ,   3.452105506794396,  11.444163381863973],
        [ -9.795864952680347, -12.646290123425388,  -1.397835153205591,  -4.633999118135989]
    ])
    ppc['wgen_err_gm'][2].covariances_ = np.array([
        [[12500.07714        ,  1110.7563209999998, -3960.5046156      ,   179.2912518      ],
         [ 1110.7563209999998,  1001.522295       ,  1272.4005645      ,   867.2355783      ],
         [-3960.5046156      ,  1272.4005645      , 16726.9828869      , -1256.2248114000001],
         [  179.2912518      ,   867.2355783      , -1256.2248114000001,  7014.946599       ]],

        [[13516.71237        ,  4679.434034999999 , -2725.8337314      ,  2517.931197       ],
         [ 4679.434034999999 ,  5062.517829       ,  2373.8559507000004,  3203.0610659999998],
         [-2725.8337314      ,  2373.8559507000004, 16253.853174000002 ,  -664.88259825     ],
         [ 2517.931197       ,  3203.0610659999998,  -664.88259825     ,  9137.99979        ]]
    ])

    ppc['wgen_err_gm'][3].weights_ = np.array([0.51656821, 0.48343179])
    ppc['wgen_err_gm'][3].means_ = np.array([
        [ -3.3008744907405116,   9.655953808160632 ,  19.648462309043595 ,   8.956941335242561 ],
        [  3.527130119259482 , -10.317812931839342 , -20.995249410956404 ,  -9.570887244757444 ]
    ])
    ppc['wgen_err_gm'][3].covariances_ = np.array([
        [[20217.76821        ,  6822.517446       , -2838.5703918000004,  3155.015475       ],
         [ 6822.517446       ,  6257.598021       ,   736.7680768499999,  3125.467395       ],
         [-2838.5703918000004,   736.7680768499999, 23643.982872900004 , -4308.4991664      ],
         [ 3155.015475       ,  3125.467395       , -4308.4991664      , 12484.15011        ]],

        [[27175.80231        , 10112.42259        , -3123.9769626      ,  6148.567332       ],
         [10112.42259        ,  8162.813601       ,   854.19853389     ,  5315.862671999999 ],
         [-3123.9769626      ,   854.19853389     ,  7956.718747380001 , -2137.2261885      ],
         [ 6148.567332       ,  5315.862671999999 , -2137.2261885      , 15278.82579        ]]
    ])

    ppc['wgen_err_gm'][4].weights_ = np.array([0.2111485, 0.7888515])
    ppc['wgen_err_gm'][4].means_ = np.array([
        [ -8.699395020367206  ,   9.843486332425698  ,  69.3352071434968    ,  -0.501900290404194  ],
        [  2.328529779632788  ,  -2.634763797574294  , -18.558657726503213  ,   0.13434149959579145]
    ])
    ppc['wgen_err_gm'][4].covariances_ = np.array([
        [[ 1.4249167740000001e+04,  4.6317049829999996e+03,  1.1498637571200000e+02,  2.5813821510000002e+03],
         [ 4.6317049829999996e+03,  4.5993239279999998e+03,  3.9385940489999996e+02,  2.8739593350000000e+03],
         [ 1.1498637571200000e+02,  3.9385940489999996e+02,  4.8252534817500009e+02, -1.2531953889000000e+01],
         [ 2.5813821510000002e+03,  2.8739593350000000e+03, -1.2531953889000000e+01,  8.9199877770000003e+03]],

        [[ 1.7143640820000001e+04,  6.1080237900000002e+03, -1.9909095453000000e+03,  3.2834905739999999e+03],
         [ 6.1080237900000002e+03,  5.6229375870000003e+03,  1.2316940415000001e+03,  3.6859806090000002e+03],
         [-1.9909095453000000e+03,  1.2316940415000001e+03,  7.8971631558300005e+03, -6.4870886690999998e+02],
         [ 3.2834905739999999e+03,  3.6859806090000002e+03, -6.4870886690999998e+02,  1.0498359780000001e+04]]
    ])

    ppc['wgen_err_gm'][5].weights_ = np.array([0.21104569, 0.78895431])
    ppc['wgen_err_gm'][5].means_ = np.array([
        [ -8.59242075118999  ,  10.051400923155995 ,  74.19957665891084  ,  -0.4106740003967104],
        [  2.298477038810006 ,  -2.688754996844011 , -19.848425511089147 ,   0.1098555096033067]
    ])
    ppc['wgen_err_gm'][5].covariances_ = np.array([
        [[14193.02934         ,  4609.093572        ,   107.78108959800001,  2593.763037        ],
         [ 4609.093572        ,  4558.088745        ,   444.88106793      ,  2877.1823430000004 ],
         [  107.78108959800001,   444.88106793      ,   622.6795845270001 ,   -37.152233001     ],
         [ 2593.763037        ,  2877.1823430000004 ,   -37.152233001     ,  8926.301358        ]],

        [[17153.41896         ,  6239.516247        , -2258.1011349000005 ,  3283.215948        ],
         [ 6239.516247        ,  5860.405656000001  ,  1432.9439514       ,  3780.706752        ],
         [-2258.1011349000005 ,  1432.9439514       , 10048.42861074      ,  -741.9006270000001 ],
         [ 3283.215948        ,  3780.706752        ,  -741.9006270000001 , 10497.51747         ]]
    ])

    ppc['wgen_err_gm'][6].weights_ = np.array([0.78878052, 0.21121948])
    ppc['wgen_err_gm'][6].means_ = np.array([
        [  1.9852662998007418 ,  -2.364425140041618  , -20.8848204610905    ,   0.11664240300615347],
        [ -7.413801910199254  ,   8.82973715995837   ,  77.99252011890954   ,  -0.43559076699384036]
    ])
    ppc['wgen_err_gm'][6].covariances_ = np.array([
        [[ 1.2400575929999999e+04,  4.6625117129999999e+03, -1.8959092659000003e+03,  2.3749879589999996e+03],
         [ 4.6625117129999999e+03,  4.5247182119999998e+03,  1.2434105033999999e+03,  2.8190384549999999e+03],
         [-1.8959092659000003e+03,  1.2434105033999999e+03,  9.9192418521300006e+03, -6.1743897890999995e+02],
         [ 2.3749879589999996e+03,  2.8190384549999999e+03, -6.1743897890999995e+02,  7.5944255309999999e+03]],

        [[ 1.0310663610000001e+04,  3.4999722179999999e+03,  1.1254828338000000e+02,  1.8682507170000001e+03],
         [ 3.4999722179999999e+03,  3.6156720960000002e+03,  3.9227218758000004e+02,  2.1738974939999998e+03],
         [ 1.1254828338000000e+02,  3.9227218758000004e+02,  6.0809693314500009e+02, -1.0104784209000000e+01],
         [ 1.8682507170000001e+03,  2.1738974939999998e+03, -1.0104784209000000e+01,  6.4514111219999995e+03]]
    ])

    ppc['wgen_err_gm'][7].weights_ = np.array([0.21135569, 0.78864431])
    ppc['wgen_err_gm'][7].means_ = np.array([
        [ -7.440728007938617  ,   8.770839349749082  ,  80.21198926751447   ,  -0.4494006398560373 ],
        [  1.9941058120614343 ,  -2.350573990250922  , -21.496712932485536  ,   0.12043881014395197]
    ])
    ppc['wgen_err_gm'][7].covariances_ = np.array([
        [[ 1.0319063490000000e+04,  3.4708710059999999e+03,  1.1821875272999999e+02,  1.8668743560000000e+03],
         [ 3.4708710059999999e+03,  3.5480004930000000e+03,  3.8956279050000006e+02,  2.1544909830000001e+03],
         [ 1.1821875272999999e+02,  3.8956279050000006e+02,  6.1067126975400004e+02, -6.5453256296999998e+00],
         [ 1.8668743560000000e+03,  2.1544909830000001e+03, -6.5453256296999998e+00,  6.4486534140000003e+03]],

        [[ 1.2399073830000001e+04,  4.6326153150000000e+03, -1.8915931125000002e+03,  2.3750464320000001e+03],
         [ 4.6326153150000000e+03,  4.4655938370000003e+03,  1.2350877551999999e+03,  2.8024981740000003e+03],
         [-1.8915931125000002e+03,  1.2350877551999999e+03,  9.9058228296300003e+03, -6.1589131578000001e+02],
         [ 2.3750464320000001e+03,  2.8024981740000003e+03, -6.1589131578000001e+02,  7.5949237799999992e+03]]
    ])

    ppc['wgen_err_gm'][8].weights_ = np.array([0.21135488, 0.78864512])
    ppc['wgen_err_gm'][8].means_ = np.array([
        [ -8.875378923315282 ,   9.77649789739047  ,  85.93642921087286  ,  -0.5356667876242796],
        [  2.3785789066847087,  -2.6200764926095133, -23.030743769127156 ,   0.1435573323757069]
    ])
    ppc['wgen_err_gm'][8].covariances_ = np.array([
        [[ 1.4701946490000000e+04,  4.4829100259999996e+03,  1.4987405862000003e+02,  2.6590162770000002e+03],
         [ 4.4829100259999996e+03,  4.1319155339999998e+03,  4.4773806402000002e+02,  2.8063228770000001e+03],
         [ 1.4987405862000003e+02,  4.4773806402000002e+02,  6.9882802668900001e+02, -8.5160695698000008e+00],
         [ 2.6590162770000002e+03,  2.8063228770000001e+03, -8.5160695698000008e+00,  9.1882332000000006e+03]],

        [[ 1.7666999010000000e+04,  6.1160773590000008e+03, -2.4167388725999999e+03,  3.3841975950000001e+03],
         [ 6.1160773590000008e+03,  5.4636140429999996e+03,  1.4724051264000000e+03,  3.7198178010000001e+03],
         [-2.4167388725999999e+03,  1.4724051264000000e+03,  1.1338499059290001e+04, -7.8667103384999996e+02],
         [ 3.3841975950000001e+03,  3.7198178010000001e+03, -7.8667103384999996e+02,  1.0821550229999999e+04]]
    ])

    ppc['wgen_err_gm'][9].weights_ = np.array([0.21160492, 0.78839508])
    ppc['wgen_err_gm'][9].means_ = np.array([
        [ -8.942589714364374  ,   9.14194959356982   ,  90.03881928836665   ,  -0.5692224224686697 ],
        [  2.4001874556356597 ,  -2.4536955664301843 , -24.166382611633367  ,   0.15277906753132697]
    ])
    ppc['wgen_err_gm'][9].covariances_ = np.array([
        [[ 1.4717811870000000e+04,  4.2074511210000001e+03,  1.6502454188999999e+02,  2.6631351090000003e+03],
         [ 4.2074511210000001e+03,  3.6312702389999999e+03,  4.2422387553000004e+02,  2.6298774089999997e+03],
         [ 1.6502454188999999e+02,  4.2422387553000004e+02,  7.0755322950000004e+02,  1.9617816699000001e-01],
         [ 2.6631351090000003e+03,  2.6298774089999997e+03,  1.9617816699000001e-01,  9.1830363299999990e+03]],

        [[ 1.7663575140000001e+04,  5.7334518539999999e+03, -2.4044818356000001e+03,  3.3833209409999999e+03],
         [ 5.7334518539999999e+03,  4.8001804290000000e+03,  1.3789124153999999e+03,  3.4867124100000001e+03],
         [-2.4044818356000001e+03,  1.3789124153999999e+03,  1.1307679796790000e+04, -7.8207742313999995e+02],
         [ 3.3833209409999999e+03,  3.4867124100000001e+03, -7.8207742313999995e+02,  1.0822610429999999e+04]]
    ])

    ppc['wgen_err_gm'][10].weights_ = np.array([0.2119941, 0.7880059])
    ppc['wgen_err_gm'][10].means_ = np.array([
        [ -8.515584442380145  ,   9.053356515696038  ,  94.40341188072404   ,  -0.6043893277361576 ],
        [  2.290913887619837  ,  -2.435588574303978  , -25.396975249275954  ,   0.16259646226382074]
    ])
    ppc['wgen_err_gm'][10].covariances_ = np.array([
        [[13013.72415         ,  3930.636168        ,   153.24350886      ,  2368.810485        ],
         [ 3930.636168        ,  3572.1634409999997 ,   361.14863148000006,  2458.767267        ],
         [  153.24350886      ,   361.14863148000006,   508.77514946699995,    16.202919213     ],
         [ 2368.810485        ,  2458.767267        ,    16.202919213     ,  8107.811613000001  ]],

        [[15596.52354         ,  5354.214867000001  , -1874.2677408       ,  2985.291072        ],
         [ 5354.214867000001  ,  4739.261409000001  ,  1148.8498093800001 ,  3257.397243        ],
         [-1874.2677408       ,  1148.8498093800001 ,  7894.21487985      ,  -606.43962054      ],
         [ 2985.291072        ,  3257.397243        ,  -606.43962054      ,  9559.5624          ]]
    ])

    ppc['wgen_err_gm'][11].weights_ = np.array([0.21199696, 0.78800304])
    ppc['wgen_err_gm'][11].means_ = np.array([
        [ -8.516465680833846 ,   8.995659478173138 ,  96.81622819366964  ,  -0.6049590588832245],
        [  2.2911901891661444,  -2.4201080018268613, -26.046531566330344 ,   0.1627525211168006]
    ])
    ppc['wgen_err_gm'][11].covariances_ = np.array([
        [[13013.800739999999  ,  3886.25877         ,   153.43210233000002,  2368.980828        ],
         [ 3886.25877         ,  3491.077113        ,   357.03316701      ,  2436.8839829999997 ],
         [  153.43210233000002,   357.03316701      ,   508.86729621      ,    16.335919899     ],
         [ 2368.980828        ,  2436.8839829999997 ,    16.335919899     ,  8107.801722        ]],

        [[15596.49429         ,  5303.263203        , -1874.0847996000002 ,  2985.264027        ],
         [ 5303.263203        ,  4650.561954        ,  1138.73123871      ,  3228.895593        ],
         [-1874.0847996000002 ,  1138.73123871      ,  7893.73681434      ,  -606.33737073      ],
         [ 2985.264027        ,  3228.895593        ,  -606.33737073      ,  9559.565279999999  ]]
    ])

    ppc['wgen_err_gm'][12].weights_ = np.array([0.21195057, 0.78804943])
    ppc['wgen_err_gm'][12].means_ = np.array([
        [ -7.542191764265397  ,   9.027634497465868  , 101.35595350959346   ,  -0.5281103798552067 ],
        [  2.0285172257346176 ,  -2.4280358625341307 , -27.260285080406533  ,   0.14203842014481438]
    ])
    ppc['wgen_err_gm'][12].covariances_ = np.array([
        [[10239.66135          ,  3460.98915          ,   156.86712054       ,  1862.032455         ],
         [ 3460.98915          ,  3520.5849989999997  ,   420.16507767       ,  2168.683704         ],
         [  156.86712054       ,   420.16507767       ,   701.332820136      ,    14.717116089000001],
         [ 1862.032455         ,  2168.683704         ,    14.717116089000001,  6380.134857         ]],

        [[12273.40701          ,  4722.12747          , -1957.5109593000002  ,  2349.493254         ],
         [ 4722.12747          ,  4685.44959          ,  1343.4608421        ,  2874.552183         ],
         [-1957.5109593000002  ,  1343.4608421        , 10921.511296800003   ,  -633.97328319       ],
         [ 2349.493254         ,  2874.552183         ,  -633.97328319       ,  7522.464572999999   ]]
    ])

    ppc['wgen_err_gm'][13].weights_ = np.array([0.21199559, 0.78800441])
    ppc['wgen_err_gm'][13].means_ = np.array([
        [ -8.23864017153258   ,   8.904101432610219  , 103.76344474957813   ,  -0.5849915982159928 ],
        [  2.2164284384674318 ,  -2.3954564373897824 , -27.915316730421893  ,   0.15737937178403172]
    ])
    ppc['wgen_err_gm'][13].covariances_ = np.array([
        [[12179.768759999999   ,  3706.1127899999997  ,   160.99581654       ,  2217.079782         ],
         [ 3706.1127899999997  ,  3392.96013          ,   382.08513680999994 ,  2329.4814930000002  ],
         [  160.99581654       ,   382.08513680999994 ,   599.2937045550001  ,    17.081602668000002],
         [ 2217.079782         ,  2329.4814930000002  ,    17.081602668000002,  7588.212984         ]],

        [[14596.997669999999   ,  5061.241395         , -1967.7200751000003  ,  2793.966219         ],
         [ 5061.241395         ,  4526.680644         ,  1219.6420002        ,  3083.257485         ],
         [-1967.7200751000003  ,  1219.6420002        ,  9297.47591253       ,  -636.6558638700001  ],
         [ 2793.966219         ,  3083.257485         ,  -636.6558638700001  ,  8946.941571         ]]
    ])

    ppc['wgen_err_gm'][14].weights_ = np.array([0.78800073, 0.21199927])
    ppc['wgen_err_gm'][14].means_ = np.array([
        [  2.0326681464140677 ,  -2.3907461409254154 , -29.71512629957391   ,   0.14449658031929857],
        [ -7.555422163585945  ,   8.886397129074567  , 110.45104644042613   ,  -0.5370934096806934 ]
    ])
    ppc['wgen_err_gm'][14].covariances_ = np.array([
        [[12273.01245          ,  4628.7207450000005  , -1804.0486230000001  ,  2349.116271         ],
         [ 4628.7207450000005  ,  4503.105018         ,  1216.5452676        ,  2820.020463         ],
         [-1804.0486230000001  ,  1216.5452676        ,  9296.690361660001   ,  -583.6434903        ],
         [ 2349.116271         ,  2820.020463         ,  -583.6434903        ,  7522.516025999999   ]],

        [[10240.734690000001   ,  3389.2991819999997  ,   147.8550528        ,  1864.289844         ],
         [ 3389.2991819999997  ,  3375.122625         ,   381.2300446500001  ,  2131.402869         ],
         [  147.8550528        ,   381.2300446500001  ,   599.431178619      ,    15.831611757000003],
         [ 1864.289844         ,  2131.402869         ,    15.831611757000003,  6380.105553         ]]
    ])

    ppc['wgen_err_gm'][15].weights_ = np.array([0.78800153, 0.21199847])
    ppc['wgen_err_gm'][15].means_ = np.array([
        [  2.032598470629324 ,  -2.1397341806673182, -28.973018985279566 ,   0.1444600080273517],
        [ -7.555199359370675 ,   7.953424419332663 , 107.69315122472045  ,  -0.5369600419726339]
    ])
    ppc['wgen_err_gm'][15].covariances_ = np.array([
        [[12273.01902         ,  4155.212574        , -1804.1116508999999 ,  2349.123408        ],
         [ 4155.212574        ,  3628.3430879999996 ,  1091.7264501       ,  2530.391427        ],
         [-1804.1116508999999 ,  1091.7264501       ,  9296.871117300001  ,  -583.67405421      ],
         [ 2349.123408        ,  2530.391427        ,  -583.67405421      ,  7522.513506        ]],

        [[10240.7175          ,  3043.9813409999997 ,   147.80826567000003,  1864.251144        ],
         [ 3043.9813409999997 ,  2721.762549        ,   342.18570789000006,  1910.141973        ],
         [  147.80826567000003,   342.18570789000006,   599.4026705160001 ,    15.800747391     ],
         [ 1864.251144        ,  1910.141973        ,    15.800747391     ,  6380.102826        ]]
    ])

    ppc['wgen_err_gm'][16].weights_ = np.array([0.21199731, 0.78800269])
    ppc['wgen_err_gm'][16].means_ = np.array([
        [ -7.554877242758579  ,   8.984230830534244  , 105.56969585571      ,  -0.5367514837452916 ],
        [  2.0324976972414106 ,  -2.4170384094657607 , -28.40154205428999   ,   0.14440289625471792]
    ])
    ppc['wgen_err_gm'][16].covariances_ = np.array([
        [[10240.69257          ,  3441.26745          ,   147.73483179000002 ,  1864.190034         ],
         [ 3441.26745          ,  3478.616271         ,   386.79461847000005 ,  2158.4524499999998  ],
         [  147.73483179000002 ,   386.79461847000005 ,   599.353940718      ,    15.738623550000002],
         [ 1864.190034         ,  2158.4524499999998  ,    15.738623550000002,  6380.104347         ]],

        [[12273.028470000001   ,  4696.652538         , -1804.1862735        ,  2349.128925         ],
         [ 4696.652538         ,  4635.34191          ,  1233.8612558999998  ,  2859.77268          ],
         [-1804.1862735        ,  1233.8612558999998  ,  9297.120819869999   ,  -583.7168142        ],
         [ 2349.128925         ,  2859.77268          ,  -583.7168142        ,  7522.516079999999   ]]
    ])

    ppc['wgen_err_gm'][17].weights_ = np.array([0.78806723, 0.21193277])
    ppc['wgen_err_gm'][17].means_ = np.array([
        [  2.2850675928541477,  -2.6048445760434333, -26.794601221341196 ,   0.1591373880821152],
